mod_p
0.10001870001870002
0.10470515470515471
0.10963040963040963
0.11478451478451478
0.12016747016747016
0.12582902582902583
0.13176918176918176
0.13792823792823794
0.1444056944056944
0.15118165118165117
0.15829590829590828
0.16573851573851572
0.17354927354927352
0.18167843167843167
0.19022549022549023
0.19916059916059914
0.2085335085335085
0.2183243183243183
0.2285827785827786
0.23933873933873934
0.25057230057230057
0.26236306236306234
0.27468117468117464
0.2875962875962876
0.3011084011084011
0.3152573152573152
0.33007288007288005
0.34557499557499555
0.3618333118333118
0.3788478288478288
0.3966483966483966
0.41530466530466525
0.4348066848066848
0.45524400524400516
0.47663652663652656
0.499033999033999
0.5224861724861725
0.547052747052747
0.5726839726839726
0.5996783496783497
0.6278667278667278
0.6573585573585573
0.6882732382732383
0.7206207206207206
0.7545005045005044
0.78997228997229
0.827046027046027
0.8659505659505659
0.9066560566560566
0.9492619992619992
0.9938877938877938
1.0405931405931406
1.0894974394974395
1.1408295408295408
1.1941715441715441
1.251035851035851
1.3092235092235092
1.3706847206847206
1.435120985120985
1.5026815526815525
1.5735057235057233
1.6472054472054471
1.7246264746264746
1.8059479059479058
1.8903836903836901
1.9807198307198306
2.0722201222201218
2.1698396698396696
2.272593422593422
2.378630678630678
2.49040909040909
2.607441107441107
2.7312092812092805
2.8581415581415577
2.9926059926059922
3.1332294832294827
3.2803304303304297
3.434744634744634
3.5961735961735957
3.7651944151944146
3.9421652921652917
4.1278424278424275
4.32142982142982
4.524539374539374
4.737190987190987
4.9615836115836105
5.192951192951192
5.434189184189183
5.692561092561092
5.961977511977511
6.24087629087629
6.533535933535933
6.84060319060319
7.162117862117861
7.496119796119795
7.850190900190899
8.220182020182019
8.608401558401559
9.011038661038661
9.433147933147932
