mod_p
0.10026745026745026
0.10278480278480279
0.10972990972990973
0.11552081552081551
0.12002817002817003
0.12583897583897585
0.1315403315403315
0.138037688037688
0.14443554443554443
0.15118165118165117
0.1583058583058583
0.1657285657285657
0.17366867366867367
0.18157893157893157
0.19022549022549023
0.19916059916059914
0.2087325087325087
0.2183143683143683
0.2285429785429785
0.23933873933873934
0.25059220059220055
0.2623232623232623
0.2747010747010747
0.2875664375664375
0.30108850108850105
0.3152573152573152
0.33007288007288005
0.34557499557499555
0.3618631618631618
0.3788478288478288
0.3966583466583466
0.41530466530466525
0.4348464848464848
0.4552340552340552
0.47663652663652656
0.499033999033999
0.5224861724861725
0.5470328470328469
0.5726640726640726
0.5996783496783497
0.6278866278866279
0.6573585573585573
0.6882632882632882
0.7206704706704706
0.7545502545502545
0.7899822399822399
0.827036077036077
0.8659505659505659
0.9066560566560566
0.9492619992619992
0.9939076939076938
1.0405931405931406
1.0894974394974395
1.1408593908593907
1.194131744131744
1.251095551095551
1.3092235092235092
1.3706449206449205
1.435071235071235
1.5027213527213525
1.5735654235654235
1.647245247245247
1.7246463746463745
1.8060175560175558
1.8903239903239901
1.9808292808292807
2.072130572130572
2.1704366704366698
2.272732722732722
2.378769978769978
2.49051854051854
2.6073416073416067
2.731388381388381
2.8587584587584582
2.9924368424368417
3.1330006330006324
3.2801314301314295
3.434744634744634
3.5961735961735957
3.7649456649456643
3.9421652921652917
4.128210578210577
4.32142982142982
4.524539374539374
4.737190987190987
4.962081112081111
5.192951192951192
5.433681733681733
5.692561092561092
5.962674012674012
6.241841441841441
6.533685183685183
6.84060319060319
7.162018362018361
7.495194445194444
7.849126249126248
8.22044072044072
8.609744809744809
9.01147646147646
9.431307181307181
