TBJD bkgsubflux flux_err quality
1468.7872314453125 4.695278688765454 0.731995701789856 0
1468.8080444335938 5.737003497355681 0.7360755205154419 0
1468.8289184570312 5.484483626518262 0.7322239279747009 0
1468.8497314453125 4.743348266092003 0.7325205206871033 0
1468.8705444335938 4.020280466324806 0.7312316298484802 0
1468.8914184570312 5.880229434596671 0.7315185070037842 0
1468.9122314453125 3.4849816406651812 0.7314237952232361 0
1468.9330444335938 4.0874571202315755 0.7325102686882019 0
1468.9539184570312 4.768782780106112 0.7322079539299011 0
1468.9747314453125 5.066320656464234 0.7324385046958923 0
1468.9955444335938 4.746283097251946 0.7323710918426514 0
1469.0164184570312 3.43717648721413 0.7312890887260437 0
1469.0372314453125 4.688135905365012 0.7315683364868164 0
1469.0580444335938 3.534524462574769 0.730933427810669 0
1469.0789184570312 4.976735318234671 0.7320306301116943 0
1469.0997314453125 3.634148672838167 0.7318715453147888 0
1469.1205444335938 4.00780715855589 0.731053352355957 0
1469.1414184570312 4.168470983207048 0.7313445806503296 0
1469.1622314453125 5.076151356659665 0.7313601970672607 0
1469.1830444335938 3.9437956156833613 0.7312712073326111 0
1469.2039184570312 0.8185482765771975 0.7304935455322266 0
1469.2247314453125 0.9738726132537495 0.7304322123527527 0
1469.2455444335938 1.8745984762570989 0.7308586835861206 0
1469.2664184570312 1.9670420807699303 0.7309317588806152 0
1469.2872314453125 2.1436794509553008 0.7312231063842773 0
1469.3080444335938 4.117052619542395 0.7322053909301758 0
1469.3289184570312 2.5565218652421553 0.732169508934021 0
1469.3497314453125 4.297049552387631 0.7338663339614868 0
1469.3705444335938 4.278766562231919 0.7330571413040161 0
1469.3914184570312 3.9924477738962834 0.731335461139679 0
1469.4122924804688 5.246022160694987 0.731372594833374 0
1469.43310546875 4.621079970406234 0.7319550514221191 0
1469.4539184570312 5.64169201683715 0.7316518425941467 0
1469.4747924804688 5.299862434273848 0.7323698997497559 0
1469.49560546875 5.366568993082746 0.732466459274292 0
1469.5164184570312 4.466596832398385 0.7316112518310547 0
1469.5372924804688 4.3756217051706345 0.7316735982894897 0
1469.55810546875 5.414300395113695 0.7316553592681885 0
1469.5789184570312 4.078360185079217 0.7317550778388977 0
1469.5997924804688 2.8695460488230617 0.7311976552009583 0
1469.62060546875 5.393736300754274 0.7314469814300537 0
1469.6414184570312 3.78314190809175 0.7327834963798523 0
1469.6622924804688 5.289352261278931 0.7416397333145142 0
1469.68310546875 5.218387511779193 0.7318124771118164 0
1469.7039184570312 4.361356757846124 0.7336468696594238 0
1469.7247924804688 4.8100022220107865 0.7315699458122253 0
1469.74560546875 4.542427518837844 0.7315989136695862 0
1469.7664184570312 4.738340537620008 0.7327168583869934 0
1469.7872924804688 3.5221988908506066 0.7312625050544739 0
1469.80810546875 3.74080162055529 0.7321794629096985 0
1469.8289184570312 4.531900250233838 0.7386718988418579 0
1469.8497924804688 4.015661623216912 0.731533408164978 0
1469.87060546875 2.7323587781755725 0.7317078113555908 0
1469.8914184570312 4.150288646157601 0.7317134737968445 0
1469.9122924804688 4.730062955534433 0.7321139574050903 0
1469.93310546875 5.044422942825065 0.7333163619041443 0
1469.9539184570312 3.915968135104288 0.7314513921737671 0
1469.9747924804688 3.1970617935002377 0.7330673933029175 0
1469.99560546875 5.182493789208122 0.7316103577613831 0
1470.0164184570312 4.125283654839902 0.7314286231994629 0
1470.0372924804688 5.108247271892183 0.7315723896026611 0
1470.05810546875 5.072821309262762 0.7317405343055725 0
1470.0789184570312 4.98681496174252 0.7319062948226929 0
1470.0997924804688 4.550513890970767 0.7322532534599304 0
1470.12060546875 4.331833734827087 0.7319535613059998 0
1470.1414184570312 5.821767391205375 0.7314869165420532 0
1470.1622924804688 3.5164256135219807 0.7353063821792603 0
1470.18310546875 4.434418295309299 0.7324526906013489 0
1470.2039184570312 5.062400213871721 0.7317485213279724 0
1470.2247924804688 5.54316532795974 0.7323514223098755 0
1470.24560546875 4.1800171148238485 0.7322304248809814 0
1470.2664184570312 4.795831120125816 0.7317426800727844 0
1470.2872924804688 2.609752608152271 0.7315077185630798 0
1470.30810546875 3.576124426481096 0.7343966364860535 0
1470.3289184570312 4.196265050619166 0.7317554950714111 0
1470.3497924804688 4.707156948420128 0.731484591960907 0
1470.37060546875 4.178286764035186 0.7311089634895325 0
1470.3914184570312 2.0704773203172793 0.7316102981567383 0
1470.4122924804688 0.36770391828926363 0.7303951382637024 0
1470.43310546875 0.0 0.732119083404541 0
1470.4539184570312 0.0013400057793366514 0.7327069044113159 0
1470.4747924804688 1.0184544788721501 0.7313735485076904 0
1470.49560546875 1.483355409821828 0.7340407371520996 0
1470.5164184570312 3.593492821117374 0.7318409085273743 0
1470.5372924804688 4.956167267394447 0.7327119708061218 0
1470.55810546875 3.3892398057602198 0.7312445640563965 0
1470.5789184570312 4.179324292354311 0.7314793467521667 0
1470.5997924804688 3.6525065553542144 0.7316052317619324 0
1470.62060546875 4.804066620010342 0.732021152973175 0
1470.6414184570312 2.887312476463112 0.7330383062362671 0
1470.6622924804688 3.8846982555549645 0.7316451668739319 0
1470.68310546875 3.5182998948644526 0.7310181260108948 0
1470.7039184570312 4.6740602911372795 0.7317607402801514 0
1470.7247924804688 3.867590950857249 0.7316664457321167 0
1470.74560546875 5.124478703720364 0.731580913066864 0
1470.7664184570312 4.685428372473898 0.7328042984008789 0
1470.7872924804688 5.064341910322225 0.73140549659729 0
1470.80810546875 5.083201313106628 0.7316879630088806 0
1470.8289184570312 3.6207303615740214 0.7320134043693542 0
1470.8497924804688 2.7281287761626642 0.7311013340950012 0
1470.87060546875 3.8478917510527118 0.7312090396881104 0
1470.8914184570312 5.068726796669134 0.7321439385414124 0
1470.9122924804688 5.046732648919497 0.732572078704834 0
1470.93310546875 4.804875843128112 0.7317734360694885 0
1470.9539184570312 5.038727756687976 0.7321062684059143 0
1470.9747924804688 5.2559404038053685 0.7322008013725281 0
1470.99560546875 3.0861071665538695 0.7340875267982483 0
1471.0164184570312 4.149808742579499 0.7325384020805359 0
1471.0372924804688 2.9575100274831154 0.7312772274017334 0
1471.05810546875 2.56468497033381 0.7309911251068115 0
1471.0789184570312 2.264983012358732 0.731867790222168 0
1471.0997924804688 4.020105283446561 0.731873095035553 0
1471.12060546875 4.663824909832989 0.7316544651985168 0
1471.1414184570312 4.289102647134133 0.7322617769241333 0
1471.1622924804688 4.54182051519544 0.7314357161521912 0
1471.1831665039062 4.468056318661945 0.731541097164154 0
1471.2039794921875 4.380035849878982 0.7315942645072937 0
1471.2247924804688 3.432647064665453 0.7328084707260132 0
1471.2456665039062 3.8384888297668693 0.736502468585968 0
1471.2664794921875 2.986092916632894 0.7317599654197693 0
1471.2872924804688 4.4864456469479155 0.7318574786186218 0
1471.3081665039062 5.276889101372064 0.7326403856277466 0
1471.3289794921875 3.9734515079072446 0.7317894101142883 0
1471.3497924804688 5.65488384478574 0.7332139015197754 0
1471.3706665039062 4.566980771552368 0.732510507106781 0
1471.3914794921875 4.96924261541081 0.7328174710273743 0
1471.4122924804688 4.374825860538481 0.7336342930793762 0
1471.4331665039062 5.307432932544439 0.7344269156455994 0
1471.4539794921875 3.285531067386118 0.7332626581192017 0
1471.4747924804688 3.890728233724194 0.7335885763168335 0
1471.4956665039062 4.769494968066 0.7318497896194458 0
1471.5372924804688 4.721393330284715 0.7320929169654846 0
1471.5581665039062 4.7932768990779655 0.7317521572113037 0
1471.5789794921875 4.39961105519932 0.7333332300186157 0
1471.5997924804688 0.9897651182927425 0.7310127019882202 0
1471.6206665039062 0.5900059023834092 0.7308866381645203 0
1471.6414794921875 1.0721264633262504 0.7322356104850769 0
1471.6622924804688 1.5890290174441608 0.7311935424804688 0
1471.6831665039062 1.8825706576707897 0.731063723564148 0
1471.7039794921875 4.448780879168508 0.7330716848373413 0
1471.7247924804688 4.7110639683001265 0.7332077622413635 0
1471.7456665039062 5.318965112292023 0.7324336767196655 0
1471.7664794921875 4.336787113152256 0.7333362102508545 0
1471.7872924804688 4.403049545013695 0.7322873473167419 0
1471.8081665039062 4.960746254601705 0.7352465391159058 0
1471.8289794921875 4.625781541609538 0.7316582798957825 0
1471.8497924804688 4.445822040358898 0.7333666682243347 0
1471.8706665039062 4.581350146380532 0.7322034239768982 0
1471.8914794921875 4.451737382059348 0.7320016026496887 0
1471.9122924804688 4.56288838026858 0.7330570816993713 0
1471.9331665039062 3.9260272832114866 0.7320303916931152 0
1471.9539794921875 5.528405713294011 0.7329488396644592 0
1471.9747924804688 5.164845631989879 0.7377092838287354 0
1471.9956665039062 6.358910638598007 0.7329396605491638 0
1472.0164794921875 5.4602606913274965 0.7356089949607849 0
1472.0372924804688 4.754434689467822 0.7333585619926453 0
1472.0581665039062 4.534080389135765 0.7319662570953369 0
1472.0789794921875 3.545260325208107 0.7332789897918701 0
1472.0997924804688 4.509599391485903 0.7322143316268921 0
1472.1206665039062 4.0090980227432516 0.733799934387207 0
1472.1414794921875 4.446246588546523 0.7318645119667053 0
1472.1622924804688 5.154760941300836 0.7329894304275513 0
1472.1831665039062 4.260691520316689 0.7320408225059509 0
1472.2039794921875 2.3498807787194216 0.7325186133384705 0
1472.2247924804688 4.339682294778915 0.7319570183753967 0
1472.2456665039062 3.943491253454278 0.7317416667938232 0
1472.2664794921875 3.0327939570488103 0.731359601020813 0
1472.2872924804688 4.409395550270864 0.7327272295951843 0
1472.3081665039062 4.445177893100168 0.7319316864013672 0
1472.3289794921875 3.0981454545840053 0.7324886918067932 0
1472.3497924804688 4.419634829240834 0.7326566576957703 0
1472.3706665039062 5.485419660830538 0.734069287776947 0
1472.3914794921875 3.9745414640895147 0.7319298386573792 0
1472.4122924804688 4.896752667116781 0.7342264652252197 0
1472.4331665039062 5.422022675389119 0.7320672869682312 0
1472.4539794921875 3.5505163396320665 0.7314000725746155 0
1472.4747924804688 4.062895968987818 0.7316208481788635 0
1472.4956665039062 4.147893300489174 0.7328634262084961 0
1472.5164794921875 4.708530313088068 0.7348940372467041 0
1472.5372924804688 3.9683691082789796 0.7324385046958923 0
1472.5581665039062 3.9038677956133445 0.7322013974189758 0
1472.5789794921875 3.51392831722076 0.7317842841148376 0
1472.5997924804688 4.476968531651462 0.7335389852523804 0
1472.6206665039062 4.837116916705168 0.7325806021690369 0
1472.6414794921875 4.541713200546927 0.7338513135910034 0
1472.6622924804688 3.9282000847671523 0.7351781129837036 0
1472.6831665039062 4.998931255104406 0.7325378060340881 0
1472.7039794921875 3.8440302463219904 0.7328749299049377 0
1472.7247924804688 4.450881501238448 0.7340837121009827 0
1472.7456665039062 3.3592303831040238 0.7321045398712158 0
1472.7664794921875 3.5424840955658556 0.7333926558494568 0
1472.7872924804688 2.4284463762180577 0.7353710532188416 0
1472.8081665039062 1.3145996445272774 0.7314874529838562 0
1472.8289794921875 0.4621950620726721 0.7306743860244751 0
1472.8497924804688 0.694754572251078 0.7327759265899658 0
1472.8706665039062 1.3164221326315193 0.7307074666023254 0
1472.8914794921875 3.295360285060663 0.7317326664924622 0
1472.9122924804688 4.706243247325225 0.7320517301559448 0
1472.9331665039062 4.9901527669355055 0.732877254486084 0
1472.9539794921875 5.0486785443968 0.7350278496742249 0
1472.9747924804688 4.253310399055891 0.7336867451667786 0
1472.9956665039062 5.223990936728284 0.7346212863922119 0
1473.0164794921875 4.395942731268321 0.7337873578071594 0
1473.0372924804688 5.23041794166366 0.7335836887359619 0
1473.0581665039062 3.449262757596956 0.7320237159729004 0
1473.0789794921875 4.1615027540966025 0.7318811416625977 0
1473.0997924804688 5.032388131936406 0.7321670651435852 0
1473.1206665039062 3.6702800746253663 0.7324284911155701 0
1473.1414794921875 4.681522559148848 0.7324538826942444 0
1473.1622924804688 4.690842274088829 0.7338434457778931 0
1473.1831665039062 4.15132185525082 0.7319241166114807 0
1473.2039794921875 4.582408105439297 0.7326380014419556 0
1473.2247924804688 5.4156424183461205 0.7333703637123108 0
1473.2456665039062 4.263529770320308 0.7322675585746765 0
1473.2664794921875 4.479461071643931 0.7330118417739868 0
1473.2872924804688 3.475672229694801 0.7321312427520752 0
1473.3081665039062 4.7707245488956085 0.7335070967674255 0
1473.3289794921875 3.714982906064036 0.7328596115112305 0
1473.3497924804688 4.568206220179346 0.732657790184021 0
1473.3706665039062 3.842323442712985 0.7344370484352112 0
1473.3915405273438 3.06109342181943 0.7320147752761841 0
1473.412353515625 3.7396707959166986 0.7323242425918579 0
1473.4331665039062 3.858541363786841 0.7326587438583374 0
1473.4540405273438 3.8715313694069167 0.7322076559066772 0
1473.474853515625 5.082635401482849 0.7335213422775269 0
1473.4956665039062 4.269603048641668 0.7357934713363647 0
1473.5165405273438 4.914949037359048 0.7324067950248718 0
1473.537353515625 4.770301101464362 0.7335734963417053 0
1473.5581665039062 4.340092912106534 0.732434868812561 0
1473.5790405273438 4.82983079320417 0.7340154051780701 0
1473.599853515625 2.8719600805653647 0.7317442893981934 0
1473.6206665039062 5.071398149049137 0.7367249131202698 0
1473.6415405273438 4.132713434758384 0.7323840260505676 0
1473.662353515625 5.205618569046418 0.732925295829773 0
1473.6831665039062 3.850510238367747 0.7336587905883789 0
1473.7040405273438 4.5753902660598245 0.7324212789535522 0
1473.724853515625 4.74395886103692 0.7356748580932617 0
1473.7456665039062 5.196926134728284 0.7330655455589294 0
1473.7665405273438 4.839731553594213 0.7394754886627197 0
1473.787353515625 4.517024415058715 0.7329995036125183 0
1473.8081665039062 5.138064415382581 0.7329280376434326 0
1473.8290405273438 5.371822760842455 0.7350558638572693 0
1473.849853515625 4.140510936925496 0.7328453063964844 0
1473.8706665039062 4.4903705365770845 0.7325936555862427 0
1473.8915405273438 4.470234270063612 0.7329159379005432 0
1473.912353515625 4.680988774746645 0.7330514192581177 0
1473.9331665039062 4.862069252364437 0.7354802489280701 0
1473.9540405273438 2.679124433566361 0.7325496077537537 0
1473.974853515625 2.5656628615774864 0.7324683666229248 0
1473.9956665039062 1.4123212486797905 0.7321996688842773 0
1474.0165405273438 1.2623305163287497 0.7310898303985596 0
1474.037353515625 1.348688296678899 0.7309927344322205 0
1474.0581665039062 0.7167602513595358 0.7312196493148804 0
1474.0790405273438 2.4096403014372263 0.7344080209732056 0
1474.099853515625 3.494197766991225 0.7319951057434082 0
1474.1206665039062 4.023468501227748 0.7326972484588623 0
1474.1415405273438 4.3420930842414736 0.7356297969818115 0
1474.162353515625 4.981377699723234 0.7337296009063721 0
1474.1831665039062 4.3345765809369965 0.7345427870750427 0
1474.2040405273438 4.057969752146824 0.7327264547348022 0
1474.224853515625 4.053074596349439 0.7322494387626648 0
1474.2456665039062 5.299811473572703 0.7353243827819824 0
1474.2665405273438 4.8152433477081695 0.7330173254013062 0
1474.287353515625 5.163122769835119 0.7336263656616211 0
1474.3081665039062 3.6688288343456326 0.7347487807273865 0
1474.3290405273438 5.470304548411597 0.7345659732818604 0
1474.349853515625 4.036474666408129 0.7327284812927246 0
1474.3706665039062 4.634352755438726 0.7330735921859741 0
1474.3915405273438 4.1411126475096305 0.7336326241493225 0
1474.412353515625 4.439793735856453 0.7332017421722412 0
1474.4331665039062 4.365061692034425 0.7328871488571167 0
1474.4540405273438 4.224463280134291 0.7323991656303406 0
1474.474853515625 4.538989332327566 0.7333980202674866 0
1474.4956665039062 5.308555531340026 0.7339980006217957 0
1474.5165405273438 4.579670842741334 0.7325416803359985 0
1474.537353515625 3.4790287723089195 0.7323122024536133 0
1474.5581665039062 4.390171417576367 0.7327169179916382 0
1474.5790405273438 3.552613464155212 0.7322883009910583 0
1474.599853515625 4.06197051885044 0.7331280708312988 0
1474.6206665039062 3.591055667356403 0.7346653938293457 0
1474.662353515625 4.1088124790220455 0.7334834933280945 0
1474.6831665039062 4.689801263437684 0.7329533696174622 0
1474.7040405273438 5.03148652176442 0.7337899208068848 0
1474.724853515625 4.323356859466685 0.7333258390426636 0
1474.7456665039062 4.660121874292665 0.7355181574821472 0
1474.7665405273438 5.923504941896822 0.7341972589492798 0
1474.787353515625 4.507167635243559 0.7329070568084717 0
1474.8081665039062 4.182004459361785 0.7350264191627502 0
1474.8290405273438 4.76792274227123 0.73387610912323 0
1474.849853515625 5.564750176491749 0.7342072129249573 0
1474.8706665039062 4.221097229116155 0.7346675992012024 0
1474.8915405273438 4.836059019620241 0.7332858443260193 0
1474.912353515625 4.906754499460012 0.7354534864425659 0
1474.9331665039062 4.398951323990397 0.7354269027709961 0
1474.9540405273438 4.733127312986869 0.7345394492149353 0
1474.974853515625 4.904734131314683 0.7331989407539368 0
1474.9956665039062 5.092774527944321 0.7331382036209106 0
1475.0165405273438 3.37290582061911 0.732342004776001 0
1475.037353515625 4.6651192614040635 0.7332585453987122 0
1475.0581665039062 3.9701755190151675 0.7325859665870667 0
1475.0790405273438 4.046148261203821 0.7345647811889648 0
1475.099853515625 4.401752682306365 0.7333319783210754 0
1475.1206665039062 3.7850503203545225 0.7327933311462402 0
1475.1415405273438 4.574522774565775 0.7334315776824951 0
1475.162353515625 3.1831285550209922 0.7334001660346985 0
1475.1831665039062 1.3947386616085558 0.7324979901313782 0
1475.2040405273438 1.0913530056537537 0.7323622703552246 0
1475.224853515625 0.7048713134160526 0.7314151525497437 0
1475.2456665039062 1.258943570235858 0.7340672016143799 0
1475.2665405273438 1.1998074630325337 0.7315296530723572 0
1475.287353515625 4.46881556500598 0.7357833385467529 0
1475.3081665039062 4.64401839241722 0.7341195940971375 0
1475.3290405273438 4.650988771023789 0.7357934713363647 0
1475.349853515625 4.681165012668727 0.7358877062797546 0
1475.3706665039062 4.859770652068753 0.7339803576469421 0
1475.3915405273438 5.119932480000689 0.7338873147964478 0
1475.412353515625 3.9154706335088396 0.7334839701652527 0
1475.4331665039062 4.251916818733289 0.7347549796104431 0
1475.4540405273438 3.6430082970952524 0.7343491911888123 0
1475.474853515625 3.7198438572795163 0.7335153222084045 0
1475.4956665039062 4.59310809539827 0.7336470484733582 0
1475.5165405273438 5.227704719667914 0.7336169481277466 0
1475.537353515625 5.86435654073037 0.7340185642242432 0
1475.5581665039062 3.7145170812437716 0.7360153198242188 0
1475.5790405273438 4.334500474738253 0.7339234948158264 0
1475.599853515625 4.52774723017536 0.734507143497467 0
1475.6206665039062 4.494902785022819 0.7345418334007263 0
1475.6415405273438 4.0396750318911 0.7345667481422424 0
1475.662353515625 4.24824059920214 0.7337360978126526 0
1475.6831665039062 4.538267511315422 0.734741747379303 0
1475.7040405273438 4.525948779303891 0.7342291474342346 0
1475.724853515625 4.635711761228036 0.7411928772926331 0
1475.7456665039062 4.109688052783392 0.7371490001678467 0
1475.7665405273438 3.4307899123171866 0.7342354655265808 0
1475.787353515625 3.474000389341308 0.7343972325325012 0
1475.8081665039062 3.463701848637375 0.7349466681480408 0
1475.8290405273438 3.8933741359360106 0.7346286773681641 0
1475.849853515625 4.355440138675025 0.7371415495872498 0
1475.8706665039062 4.291095196081628 0.7348525524139404 0
1475.8915405273438 4.379863056033198 0.7354339957237244 0
1475.912353515625 5.348415885032605 0.7355340719223022 0
1475.9331665039062 4.859748716374244 0.7386905550956726 0
1475.9540405273438 3.682969765408173 0.7364792227745056 0
1475.974853515625 5.465310409536788 0.7354661226272583 0
1475.9956665039062 4.226587813866831 0.7376123666763306 0
1476.0165405273438 4.21179622121276 0.7354881763458252 0
1476.037353515625 4.42878684569727 0.7354961633682251 0
1476.0581665039062 4.199815681898226 0.7352680563926697 0
1476.0790405273438 3.999147160786914 0.7358893752098083 0
1476.099853515625 4.631985826436431 0.7362608313560486 0
1476.1206665039062 4.767938978807495 0.7379904985427856 0
1476.1415405273438 3.770252367355757 0.7358461022377014 0
1476.162353515625 4.522914777658627 0.7372652888298035 0
1476.1831665039062 5.2840435723517 0.7368906736373901 0
1476.2040405273438 4.991219828895058 0.7373819947242737 0
1476.224853515625 4.24601940793244 0.7368630170822144 0
1476.2456665039062 4.490082691748257 0.7368812561035156 0
1476.2665405273438 4.008257288978952 0.7373851537704468 0
1476.287353515625 4.7981182303360645 0.7413486838340759 0
1476.3081665039062 4.739784820596581 0.7383606433868408 0
1476.3290405273438 3.8953165357357302 0.7382118105888367 0
1476.349853515625 5.059518117532887 0.7387011647224426 0
1476.3706665039062 2.1387080932445626 0.7368062734603882 0
1476.3915405273438 0.9728021760653458 0.7371933460235596 0
1476.412353515625 1.4941900411038576 0.7364813685417175 0
1476.4331665039062 0.9463195984034096 0.7372556924819946 0
1476.4540405273438 0.8051105711408068 0.740630030632019 0
1476.474853515625 1.9690652363528356 0.739665150642395 0
1476.4956665039062 2.9861958191209252 0.7377552390098572 0
1476.5165405273438 4.512456892299411 0.7429841756820679 0
1478.6207275390625 4.776272737289231 0.73890221118927 0
1478.6415405273438 3.7321562018308327 0.7338587045669556 0
1478.6624145507812 3.5685087481261264 0.7337245941162109 0
1478.6832275390625 5.008851437441287 0.7349899411201477 0
1478.7040405273438 3.833912969154879 0.7339295744895935 0
1478.7249145507812 4.394087734779613 0.7345645427703857 0
1478.7457275390625 3.346107647536683 0.7363497018814087 0
1478.7665405273438 1.7831651416683538 0.7327184081077576 0
1478.7874145507812 0.7926152780657426 0.7328550815582275 0
1478.8082275390625 1.041656889785256 0.7337061166763306 0
1478.8290405273438 1.9655516436130847 0.7333506941795349 0
1478.8499145507812 1.1931637970601907 0.7327690720558167 0
1478.8707275390625 3.0694019447845258 0.7348964214324951 0
1478.8915405273438 4.128504182199008 0.7342575788497925 0
1478.9124145507812 3.9871054368138608 0.7341587543487549 0
1478.9332275390625 4.599805177559915 0.7344963550567627 0
1478.9540405273438 4.389186733098057 0.7336282134056091 0
1478.9749145507812 4.38368205251706 0.7349185943603516 0
1478.9957275390625 3.8921960186743854 0.7355444431304932 0
1479.0165405273438 4.8890592954371215 0.7366065382957458 0
1479.0374145507812 4.587685582384278 0.7340254187583923 0
1479.0582275390625 4.6343709186235715 0.7353389263153076 0
1479.0790405273438 4.370294000771707 0.7377262115478516 0
1479.0999145507812 4.619732923311691 0.7353503108024597 0
1479.1207275390625 4.040999596089722 0.7338069677352905 0
1479.1415405273438 4.182730048911265 0.7339922785758972 0
1479.1624145507812 4.397756909010769 0.7335621118545532 0
1479.1832275390625 5.535699672968848 0.7344809770584106 0
1479.2040405273438 4.083756999142449 0.7345507144927979 0
1479.2249145507812 3.5753968434400925 0.7379879355430603 0
1479.2457275390625 4.421821858840923 0.7343934178352356 0
1479.2665405273438 4.614728761177956 0.737795352935791 0
1479.2874145507812 4.546373077515403 0.7337072491645813 0
1479.3082275390625 3.7780552211112135 0.733635663986206 0
1479.3290405273438 4.269869059533768 0.7339690923690796 0
1479.3499145507812 3.594973385527132 0.7338518500328064 0
1479.3707275390625 4.988350604991163 0.7344298362731934 0
1479.3915405273438 2.756891208242984 0.7361873388290405 0
1479.4124145507812 3.1777859098642898 0.7344945669174194 0
1479.4332275390625 3.306833086010079 0.7345151305198669 0
1479.4540405273438 5.1613423650577825 0.7344731688499451 0
1479.4749145507812 4.151451548887078 0.7368698120117188 0
1479.4957275390625 4.243323465176251 0.7337554097175598 0
1479.5165405273438 4.868218216314681 0.7382493019104004 0
1479.5374145507812 4.272556357772947 0.7368307113647461 0
1479.5582275390625 3.9559320838477894 0.7340556383132935 0
1479.5790405273438 4.821020528418516 0.7361626029014587 0
1479.5999145507812 4.743977676534114 0.7340459823608398 0
1479.6207275390625 4.311092030741567 0.734123706817627 0
1479.6415405273438 4.802421764418999 0.7340558767318726 0
1479.6624145507812 4.869401732464481 0.7340303063392639 0
1479.6832275390625 4.378566325155879 0.7337488532066345 0
1479.7040405273438 5.0344745978800525 0.7343590259552002 0
1479.7249145507812 4.72232926999292 0.7353922724723816 0
1479.7457275390625 3.940395309819962 0.7341893911361694 0
1479.7665405273438 4.4815586224256885 0.736849844455719 0
1479.7874145507812 4.947750885301427 0.7341674566268921 0
1479.8082275390625 4.384693011267787 0.7340855002403259 0
1479.8290405273438 4.336037810383174 0.734995424747467 0
1479.8499145507812 4.0006468332268295 0.7339587807655334 0
1479.8707275390625 4.163442051074553 0.7342435717582703 0
1479.8915405273438 4.833011761240658 0.7343723773956299 0
1479.9124145507812 3.931217747593431 0.7363495230674744 0
1479.9332275390625 3.6833280853599044 0.733687698841095 0
1479.9540405273438 2.8381812212357707 0.7335193753242493 0
1479.9749145507812 1.3245149890366406 0.7328468561172485 0
1479.9957275390625 1.341833247064308 0.7329596281051636 0
1480.0165405273438 1.5302896520360452 0.7333781719207764 0
1480.0374145507812 1.771256876491667 0.7325407862663269 0
1480.0582275390625 3.202957754172765 0.733205258846283 0
1480.0790405273438 4.116528634345467 0.735535204410553 0
1480.0999145507812 4.228618376243527 0.7357217669487 0
1480.1207275390625 4.559820698631986 0.7338396906852722 0
1480.1415405273438 4.685445832089174 0.7342033386230469 0
1480.1624145507812 4.748489256274884 0.7344325184822083 0
1480.1832275390625 4.267493217836854 0.736844003200531 0
1480.2040405273438 4.922891699842907 0.7341084480285645 0
1480.2249145507812 4.3775438205447585 0.7342653274536133 0
1480.2457275390625 4.04820335949554 0.7340285181999207 0
1480.2665405273438 4.6788013922371805 0.7341476678848267 0
1480.2874145507812 4.357410208464814 0.7341589331626892 0
1480.3082275390625 4.22954593089331 0.7338008284568787 0
1480.3290405273438 4.046416261552812 0.7334784865379333 0
1480.3499145507812 4.284893527381162 0.7344955801963806 0
1480.3707275390625 5.3903172971712205 0.7341758608818054 0
1480.3915405273438 4.847567453713448 0.7342106103897095 0
1480.4124145507812 5.297927687311492 0.7344653606414795 0
1480.4332275390625 3.69423229875346 0.7341197729110718 0
1480.4540405273438 3.861681038506011 0.734373927116394 0
1480.4749145507812 4.770429489990443 0.7355738878250122 0
1480.4957275390625 5.012760174911649 0.7358800172805786 0
1480.5165405273438 4.598112450206621 0.7344400882720947 0
1480.5374145507812 4.285357917147575 0.7344387173652649 0
1480.5582275390625 3.5153862427570313 0.7353400588035583 0
1480.5790405273438 3.4294595599157485 0.7333933115005493 0
1480.5999145507812 3.6696841401068734 0.7333970665931702 0
1480.6207275390625 3.428395471375204 0.7336911559104919 0
1480.6416015625 3.6714043893573156 0.7349770665168762 0
1480.6624145507812 4.4682854296086765 0.7339984178543091 0
1480.6832885742188 5.329299078131951 0.7358536720275879 0
1480.7041015625 4.369530884255863 0.7343778014183044 0
1480.7249145507812 4.236014786284341 0.7339910864830017 0
1480.7457885742188 4.695931562603087 0.7358012199401855 0
1480.7666015625 5.003688261726512 0.7363289594650269 0
1480.7874145507812 4.733243947823856 0.7342731952667236 0
1480.8082885742188 4.7580620288265 0.7346130013465881 0
1480.8291015625 5.149522240589786 0.7355394959449768 0
1480.8499145507812 5.8985769277978966 0.7353504300117493 0
1480.8707885742188 5.7105837970929745 0.7349209189414978 0
1480.8916015625 4.552180661349032 0.7353983521461487 0
1480.9124145507812 5.043134971709119 0.7348644137382507 0
1480.9332885742188 5.267218251803537 0.7343048453330994 0
1480.9541015625 5.1990024771058465 0.7358237504959106 0
1480.9749145507812 5.243343908484173 0.734437108039856 0
1480.9957885742188 4.919636572923055 0.7343968749046326 0
1481.0166015625 4.9335776875239326 0.734257698059082 0
1481.0374145507812 4.908053635069289 0.735606849193573 0
1481.0582885742188 4.227080432700626 0.7360421419143677 0
1481.0791015625 4.195168522411722 0.7352094054222107 0
1481.0999145507812 4.017789294551789 0.7337712049484253 0
1481.1207885742188 4.234438922148944 0.7362218499183655 0
1481.1416015625 4.214435349005586 0.7344874739646912 0
1481.1624145507812 2.399255158625916 0.7336533665657043 0
1481.1832885742188 1.6418263895607617 0.7328140735626221 0
1481.2041015625 1.4375123230380933 0.732701301574707 0
1481.2249145507812 2.2384636662969677 0.7327480912208557 0
1481.2457885742188 2.5924351015673572 0.734041690826416 0
1481.2666015625 3.998778736445052 0.7349949479103088 0
1481.3082885742188 3.447287549216328 0.7343188524246216 0
1481.3291015625 3.689902316283881 0.7356566786766052 0
1481.3499145507812 4.520778360271667 0.7342056035995483 0
1481.3707885742188 3.2189217157122143 0.7334360480308533 0
1481.3916015625 4.461400507851189 0.7348787188529968 0
1481.4124145507812 4.04544838185631 0.7336941957473755 0
1481.4332885742188 4.765215853561577 0.7342774868011475 0
1481.4541015625 4.31266898177993 0.7363246083259583 0
1481.4749145507812 4.737772857872413 0.7355587482452393 0
1481.4957885742188 4.7491896858794345 0.7342046499252319 0
1481.5166015625 4.402051891040765 0.7346584796905518 0
1481.5374145507812 4.397995624197726 0.7339391708374023 0
1481.5582885742188 3.6536189674364765 0.7333609461784363 0
1481.5791015625 4.6545286222775095 0.734368622303009 0
1481.5999145507812 4.646289757953521 0.735457181930542 0
1481.6207885742188 5.035372668526938 0.7351721525192261 0
1481.6416015625 3.8294465030666878 0.7334901690483093 0
1481.6624145507812 4.383808173302113 0.7337196469306946 0
1481.6832885742188 4.266229964628183 0.7345331907272339 0
1481.7041015625 4.447141052047241 0.7341197729110718 0
1481.7249145507812 4.338293532113198 0.7344319820404053 0
1481.7457885742188 3.9671031632107994 0.7339016199111938 0
1481.7666015625 3.6266184644938697 0.7337169647216797 0
1481.7874145507812 3.681359591110902 0.7350097298622131 0
1481.8082885742188 3.6819847785765334 0.7349134683609009 0
1481.8291015625 2.9208746498099436 0.7334619164466858 0
1481.8499145507812 3.638841084120365 0.73334801197052 0
1481.8707885742188 4.5454325827631985 0.7343494892120361 0
1481.8916015625 4.316471899802103 0.7358657121658325 0
1481.9124145507812 4.472024736651164 0.7346184849739075 0
1481.9332885742188 4.931734279854503 0.7353898286819458 0
1481.9541015625 4.486703626927036 0.734817385673523 0
1481.9749145507812 5.144953596451381 0.7341300249099731 0
1481.9957885742188 4.436811949423525 0.7342880368232727 0
1482.0166015625 4.1757813068820715 0.7377657294273376 0
1482.0374145507812 5.438648814730254 0.734963059425354 0
1482.0582885742188 5.662085386003637 0.7347652316093445 0
1482.0791015625 4.258362280430754 0.7338636517524719 0
1482.0999145507812 4.703079387430092 0.7342261075973511 0
1482.1207885742188 4.780041500062034 0.7345736622810364 0
1482.1416015625 4.268442513499947 0.7336262464523315 0
1482.1624145507812 4.313339345482617 0.7337851524353027 0
1482.1832885742188 5.109565717014888 0.7359268665313721 0
1482.2041015625 4.361218985502492 0.7340345978736877 0
1482.2249145507812 5.073301936558251 0.733945369720459 0
1482.2457885742188 4.438926965511867 0.7342743277549744 0
1482.2666015625 4.068559161995891 0.7353548407554626 0
1482.2874145507812 3.8535930873184374 0.7369198203086853 0
1482.3082885742188 4.530106906965572 0.7424514293670654 0
1482.3291015625 3.929894331756013 0.7338855862617493 0
1482.3499145507812 3.7756191258557843 0.73490971326828 0
1482.3707885742188 1.160312725212726 0.7331139445304871 0
1482.3916015625 1.3485414165268172 0.7321380972862244 0
1482.4124145507812 1.0403484202730755 0.7335906028747559 0
1482.4332885742188 2.370908927259222 0.7334862351417542 0
1482.4541015625 2.681495984240064 0.7337825894355774 0
1482.4749145507812 4.319684389851085 0.7340092062950134 0
1482.4957885742188 4.392533825971364 0.7342624068260193 0
1482.5166015625 4.723735317194377 0.734089732170105 0
1482.5374145507812 4.615085722986978 0.7345649600028992 0
1482.5582885742188 4.524713430860807 0.7356807589530945 0
1482.5791015625 4.04701711457329 0.7340977787971497 0
1482.5999145507812 4.462546926560186 0.734192967414856 0
1482.6207885742188 3.715080099782362 0.7336216568946838 0
1482.6416015625 4.725450378149237 0.737883448600769 0
1482.6624145507812 4.855721927863756 0.7347181439399719 0
1482.6832885742188 4.8078880771421595 0.7344164848327637 0
1482.7041015625 4.606143681937457 0.7346916198730469 0
1482.7249145507812 4.40398183612299 0.7354716062545776 0
1482.7457885742188 4.653172131651281 0.7343993782997131 0
1482.7666015625 4.852891646308824 0.7349833250045776 0
1482.7874145507812 3.9652947609993987 0.7351921796798706 0
1482.8082885742188 4.418184887536539 0.7355304956436157 0
1482.8291015625 4.3993472707670565 0.7349297404289246 0
1482.8499145507812 4.1207689727569905 0.7358329892158508 0
1482.8707885742188 4.523481753061819 0.7348640561103821 0
1482.8916015625 3.8910725660966468 0.7338206171989441 0
1482.9124145507812 4.6591671048644985 0.7339226603507996 0
1482.9332885742188 3.893154993528844 0.7352257370948792 0
1482.9541015625 3.7282024173111004 0.734437882900238 0
1482.9749145507812 4.021508407256109 0.7347062230110168 0
1482.9957885742188 3.768460829048384 0.7352731823921204 0
1483.0166015625 3.702584882162288 0.7339800596237183 0
1483.0374145507812 3.415898540885744 0.7342239022254944 0
1483.0582885742188 3.8171540428540767 0.7334330677986145 0
1483.0791015625 3.8125166371830845 0.7335792779922485 0
1483.0999145507812 3.555906892562776 0.7333204746246338 0
1483.1207885742188 4.872420734803621 0.7404058575630188 0
1483.1416015625 5.206165755943191 0.7376186847686768 0
1483.1624145507812 4.4838795489902425 0.7345112562179565 0
1483.1832885742188 4.036336208863627 0.7339814901351929 0
1483.2041015625 4.479943471629546 0.7345041036605835 0
1483.2249145507812 4.142134223375297 0.7347349524497986 0
1483.2457885742188 4.767389989107804 0.7342338562011719 0
1483.2666015625 4.326200171483024 0.7340738773345947 0
1483.2874145507812 5.024555156633975 0.7357171773910522 0
1483.3082885742188 4.418604650812003 0.734237790107727 0
1483.3291015625 4.976872181378934 0.7343130111694336 0
1483.3499145507812 4.410644526173944 0.7348763942718506 0
1483.3707885742188 4.699104311315719 0.7375317811965942 0
1483.3916015625 4.70369303029153 0.7357442378997803 0
1483.4124145507812 4.431734089895938 0.7350634932518005 0
1483.4332885742188 4.55989077880386 0.7343215346336365 0
1483.4541015625 4.503844058197437 0.7352604866027832 0
1483.4749145507812 4.745788078731649 0.7361314296722412 0
1483.4957885742188 4.844540291333667 0.7354512810707092 0
1483.5166015625 5.003995040500663 0.7343763113021851 0
1483.5374145507812 3.522232739757427 0.7335633635520935 0
1483.5582885742188 1.9924050294453486 0.7328763604164124 0
1483.5791015625 1.146571923279405 0.7330619096755981 0
1483.5999145507812 2.3192077476724013 0.732876718044281 0
1483.6207885742188 1.924483869575204 0.7333468198776245 0
1483.6416015625 3.0544704947680583 0.7343564629554749 0
1483.6624145507812 4.2262441587995 0.735353410243988 0
1483.6832885742188 3.432785895142445 0.7339342832565308 0
1483.7041015625 4.744554702787454 0.7343763113021851 0
1483.7249145507812 4.800261442579117 0.7360408902168274 0
1483.7457885742188 5.087219918842396 0.7346256375312805 0
1483.7666015625 4.302916479477254 0.7340635061264038 0
1483.7874145507812 4.938401917426705 0.7346749305725098 0
1483.8082885742188 4.9808370145605005 0.7342619895935059 0
1483.8291015625 4.644500053114052 0.7371177673339844 0
1483.8499145507812 4.268280885513103 0.734220564365387 0
1483.8707885742188 5.49620679130919 0.735051155090332 0
1483.8916015625 5.052872359596047 0.7348403334617615 0
1483.9124145507812 4.510125115640165 0.7353323698043823 0
1483.9332885742188 4.620398309271786 0.7351429462432861 0
1483.9541015625 4.9439366602921755 0.7351519465446472 0
1483.9749145507812 4.755614427377209 0.734791100025177 0
1483.9957885742188 4.569252091356988 0.7348601818084717 0
1484.0166015625 4.412712094936973 0.735193133354187 0
1484.0374145507812 4.0853753240919914 0.7338322997093201 0
1484.0582885742188 3.999683560038319 0.7338727712631226 0
1484.0791015625 4.763903314603312 0.7342823147773743 0
1484.0999145507812 3.8759287764601673 0.7365263104438782 0
1484.1207885742188 4.6199572356143355 0.741111159324646 0
1484.1416015625 3.74990836540794 0.7340187430381775 0
1484.1624145507812 4.394949397831069 0.734274685382843 0
1484.1832885742188 3.525588579385662 0.7361338138580322 0
1484.2041015625 4.1145630299425795 0.7342574596405029 0
1484.2249145507812 4.0109814735111184 0.7341437339782715 0
1484.2457885742188 3.663400808824175 0.7340161800384521 0
1484.2666015625 4.208241888406821 0.7339809536933899 0
1484.2874145507812 3.9828157988799857 0.7348315119743347 0
1484.3082885742188 4.305058605071848 0.7348528504371643 0
1484.3291015625 3.602627086071761 0.7346388697624207 0
1484.3499145507812 4.019093256059244 0.7352583408355713 0
1484.3707885742188 4.547812088122346 0.7343953847885132 0
1484.3916015625 4.579172591698022 0.7350975871086121 0
1484.4332885742188 4.454256397920808 0.734492838382721 0
1484.4541015625 4.474811139752449 0.7340268492698669 0
1484.4749145507812 4.985395050562272 0.734905481338501 0
1484.4957885742188 4.74255084123979 0.7360741496086121 0
1484.5166015625 4.187433839912278 0.7348625063896179 0
1484.5374145507812 4.613309122349414 0.7345128655433655 0
1484.5582885742188 4.529625047053275 0.7353440523147583 0
1484.5791015625 4.7690807206159995 0.734740674495697 0
1484.5999145507812 4.392685194432416 0.7349358797073364 0
1484.6207885742188 4.51595046918436 0.7363383173942566 0
1484.6416015625 4.079636010586811 0.7336514592170715 0
1484.6624145507812 4.070884925671822 0.7343840003013611 0
1484.6832885742188 3.5877057580119027 0.7337934374809265 0
1484.7041015625 4.156832411145221 0.733893632888794 0
1484.7249145507812 3.9263724269815987 0.7340636253356934 0
1484.7457885742188 2.326255342229418 0.7327877879142761 0
1484.7666015625 1.866630039806497 0.7341732382774353 0
1484.7874145507812 1.3660982969277302 0.7320445775985718 0
1484.8082885742188 1.8616613721360085 0.7351454496383667 0
1484.8291015625 2.456853545264067 0.7338710427284241 0
1484.8499145507812 3.9337730252739744 0.7336581349372864 0
1484.8707885742188 4.323051759864613 0.7342395782470703 0
1484.8916015625 4.6910965291766145 0.7350621819496155 0
1484.9124145507812 4.519205139719474 0.7352879047393799 0
1484.9332885742188 5.057803959728199 0.7353729605674744 0
1484.9541015625 4.262920711419559 0.7346479296684265 0
1484.9749145507812 4.840090002224286 0.7348544597625732 0
1484.9957885742188 4.39456330412331 0.7343849539756775 0
1485.0166015625 4.543655821945778 0.7343867421150208 0
1485.0374145507812 4.92779042626287 0.7377622127532959 0
1485.0582885742188 4.367603519112181 0.7360995411872864 0
1485.0791015625 4.8834932032479585 0.7355844974517822 0
1485.0999145507812 4.408358921606409 0.7340163588523865 0
1485.1207885742188 4.082426174453963 0.7340065836906433 0
1485.1416015625 4.5719553890423805 0.7368535399436951 0
1485.1624145507812 5.396531125243956 0.7354099154472351 0
1485.1832885742188 4.0252181926813275 0.7355242371559143 0
1485.2041015625 4.715307558726871 0.7353136539459229 0
1485.2249145507812 4.220567837794273 0.7338381409645081 0
1485.2457885742188 4.7438371315904915 0.7345948219299316 0
1485.2666015625 4.288232964995039 0.7355886101722717 0
1485.2874145507812 4.389613762089347 0.7345587611198425 0
1485.3082885742188 4.453791990273363 0.7360095977783203 0
1485.3291015625 4.103528946523753 0.7356029152870178 0
1485.3499145507812 3.476940194081611 0.7344096899032593 0
1485.3707885742188 3.807977841281038 0.7347805500030518 0
1485.3916015625 3.5627802985777164 0.7348813414573669 0
1485.4124145507812 3.580576856638798 0.7355331182479858 0
1485.4332885742188 4.284039141509498 0.7342135310173035 0
1485.4541015625 5.0344055566362576 0.7346273064613342 0
1485.4749145507812 4.209158097903954 0.7363513708114624 0
1485.4957885742188 4.280737499546806 0.7348796129226685 0
1485.5166015625 4.687106769150982 0.7347328662872314 0
1485.5374145507812 4.421307498999766 0.7342023253440857 0
1485.5582885742188 4.542692753733987 0.7348623275756836 0
1485.5791015625 4.033315370102585 0.734940230846405 0
1485.5999145507812 4.120132173113779 0.7356434464454651 0
1485.6207885742188 4.2627583878318465 0.7348990440368652 0
1485.6416015625 4.702404144272096 0.7346374988555908 0
1485.6624145507812 5.1034611743316685 0.7352713942527771 0
1485.6832885742188 4.763163602733006 0.7380566000938416 0
1485.7041015625 4.6213695802876 0.7388250827789307 0
1485.7249145507812 4.487416794553041 0.7356361746788025 0
1485.7457885742188 4.571464605284004 0.7356635332107544 0
1485.7666015625 4.9397607809526205 0.739331066608429 0
1485.7874145507812 4.2743359676956345 0.7341585755348206 0
1485.8082885742188 4.680391061824942 0.7341663837432861 0
1485.8291015625 4.5155186281461175 0.7343809604644775 0
1485.8499145507812 4.451471505966485 0.7356364727020264 0
1485.8707885742188 4.535029779039568 0.7349483370780945 0
1485.8916015625 4.05256962236799 0.7343146800994873 0
1485.9124145507812 3.74304705603428 0.7346288561820984 0
1485.9332885742188 3.1989526369867667 0.7355867624282837 0
1485.9541015625 2.387310580088029 0.7335305213928223 0
1485.9749145507812 1.6233603302084105 0.7341750264167786 0
1485.9957885742188 1.6639961223301076 0.7330335378646851 0
1486.0166015625 2.6507839965557953 0.7361781001091003 0
1486.0374145507812 4.108046848692972 0.7358962893486023 0
1486.0582885742188 4.108730606660429 0.7384015917778015 0
1486.0791015625 4.750934700229497 0.7367233037948608 0
1486.0999145507812 4.272940692155178 0.7347480058670044 0
1486.1207885742188 3.95628385255162 0.7345802783966064 0
1486.1416015625 4.911669587013086 0.7349487543106079 0
1486.1624145507812 3.9901547739084933 0.7347036600112915 0
1486.1832885742188 4.461483637557981 0.7347963452339172 0
1486.2041015625 4.658007777508416 0.7361971735954285 0
1486.2249145507812 4.418939772423827 0.736844539642334 0
1486.2457885742188 4.744561417740907 0.7352738380432129 0
1486.2666015625 4.346256274580264 0.7350271940231323 0
1486.2874145507812 4.9105890003710355 0.7351347208023071 0
1486.3082885742188 4.503346401292394 0.7348240613937378 0
1486.3291015625 4.855460810546107 0.7363153696060181 0
1486.3499145507812 4.835343938130834 0.7356501817703247 0
1486.3707885742188 4.292985347994856 0.7347456216812134 0
1486.3916015625 4.554217298647098 0.7354655265808105 0
1486.4124145507812 4.531355073568064 0.7358126044273376 0
1486.4332885742188 4.817950310500478 0.7359266877174377 0
1486.4541015625 4.503664063303591 0.7360580563545227 0
1486.4749145507812 4.608000248396152 0.7344282865524292 0
1486.4957885742188 4.160192333744072 0.7346184849739075 0
1486.5166015625 3.9146839435590697 0.733961820602417 0
1486.5374145507812 3.7682938854005967 0.7346897721290588 0
1486.5582885742188 4.048974965414572 0.7382243275642395 0
1486.5791015625 3.548701046892565 0.7345246076583862 0
1486.5999145507812 3.9252472825054947 0.735686182975769 0
1486.6207885742188 3.7089812063321093 0.7342737317085266 0
1486.6416015625 4.195245972596974 0.7354769110679626 0
1486.6624145507812 4.430813360409272 0.7348430156707764 0
1486.6832885742188 4.23347819753534 0.7347787618637085 0
1486.7041015625 4.2228681543569495 0.7343114018440247 0
1486.7249145507812 4.66215645538384 0.7377094626426697 0
1486.7457885742188 4.0851052311410205 0.7340573668479919 0
1486.7666015625 4.720132718385254 0.7356977462768555 0
1486.7874145507812 4.771816457977786 0.7345159649848938 0
1486.8082885742188 5.1052259254756045 0.7366234660148621 0
1486.8291015625 4.20967031703481 0.7381086349487305 0
1486.8499145507812 5.017562483076836 0.7354130148887634 0
1486.8707885742188 4.112732274700199 0.7345646023750305 0
1486.8915405273438 4.309847753582733 0.735223114490509 0
1486.9124145507812 4.980909056543049 0.7353147268295288 0
1486.9332275390625 4.753333044015088 0.7349458932876587 0
1486.9540405273438 4.039787257804991 0.7349246144294739 0
1486.9749145507812 5.1733947774157825 0.7356334924697876 0
1486.9957275390625 4.698705757530189 0.7345614433288574 0
1487.0165405273438 4.830022841052184 0.7354614734649658 0
1487.0374145507812 4.54981119369262 0.739117443561554 0
1487.0582275390625 4.910515979505608 0.7350125908851624 0
1487.0790405273438 4.178143153983398 0.7347881197929382 0
1487.0999145507812 4.45696943464024 0.7357940673828125 0
1487.1207275390625 3.761542654061274 0.7344875335693359 0
1487.1415405273438 2.7319786375300907 0.7347522377967834 0
1487.1624145507812 2.396993796594765 0.7329269051551819 0
1487.1832275390625 2.2099197213729136 0.7331291437149048 0
1487.2040405273438 2.6059808905165722 0.7337533831596375 0
1487.2249145507812 2.6425265753459755 0.7362563610076904 0
1487.2457275390625 4.531832579397476 0.7387006878852844 0
1487.2665405273438 4.607910438867468 0.7346915006637573 0
1487.2874145507812 4.279469938421824 0.7356070280075073 0
1487.3082275390625 4.67330171987926 0.7352118492126465 0
1487.3290405273438 4.779945519475292 0.735506534576416 0
1487.3499145507812 4.6443905616292245 0.7347038388252258 0
1487.3707275390625 4.528731315261149 0.735112726688385 0
1487.3915405273438 4.444204500609968 0.7356963753700256 0
1487.4124145507812 4.695359365688449 0.7347537875175476 0
1487.4332275390625 4.56236822472007 0.7359773516654968 0
1487.4540405273438 4.932593841896936 0.7353872060775757 0
1487.4749145507812 4.42896686367506 0.7369635701179504 0
1487.4957275390625 5.095285319816886 0.7353783249855042 0
1487.5165405273438 5.7282913482989954 0.739825963973999 0
1487.5582275390625 4.299697554624099 0.7353278994560242 0
1487.5790405273438 4.9449328177340774 0.7359011769294739 0
1487.5999145507812 4.416291248147723 0.7352651357650757 0
1487.6207275390625 4.9518659322433045 0.7414384484291077 0
1487.6415405273438 4.204033129746116 0.735143780708313 0
1487.6624145507812 4.424597241384736 0.734576940536499 0
1487.6832275390625 4.491313942711429 0.7353485226631165 0
1487.7040405273438 4.026147892706438 0.7382655143737793 0
1487.7249145507812 3.808024178801824 0.7344821691513062 0
1487.7457275390625 3.825075456290795 0.7350987792015076 0
1487.7665405273438 3.835365142555932 0.734448254108429 0
1487.7874145507812 3.651383574049109 0.7352474927902222 0
1487.8082275390625 3.392772396999229 0.7337113618850708 0
1487.8290405273438 3.914690488304801 0.7341527342796326 0
1487.8499145507812 4.428669609681698 0.7353410124778748 0
1487.8707275390625 4.286930723090737 0.7350046634674072 0
1487.8915405273438 4.777660999635805 0.7350229620933533 0
1487.9124145507812 4.2151622215014255 0.73509281873703 0
1487.9332275390625 4.344215844120715 0.7357127070426941 0
1487.9540405273438 3.786350583051721 0.734645426273346 0
1487.9749145507812 4.369141476437426 0.736553966999054 0
1487.9957275390625 4.636307789236296 0.7355104684829712 0
1488.0165405273438 4.564656033417972 0.735724687576294 0
1488.0374145507812 5.046928686822186 0.7367651462554932 0
1488.0582275390625 5.2347423851365935 0.7358272075653076 0
1488.0790405273438 4.101332828338653 0.7361477613449097 0
1488.0999145507812 4.524849195505431 0.7372870445251465 0
1488.1207275390625 4.134425658889032 0.7359686493873596 0
1488.1415405273438 4.300688105855968 0.735036313533783 0
1488.1624145507812 4.322033498957979 0.7359399795532227 0
1488.1832275390625 4.777983959056177 0.7352015376091003 0
1488.2040405273438 4.702523817161768 0.7356261610984802 0
1488.2249145507812 4.752211887164745 0.7355490922927856 0
1488.2457275390625 3.549152597814462 0.7344379425048828 0
1488.2665405273438 3.9557259443795467 0.7343474626541138 0
1488.2874145507812 3.780176389373041 0.7344974875450134 0
1488.3082275390625 4.087442797055317 0.7382470965385437 0
1488.3290405273438 3.1455154660316875 0.7338104844093323 0
1488.3499145507812 2.38416052547215 0.7351989150047302 0
1488.3707275390625 1.9867124004026695 0.7328228950500488 0
1488.3915405273438 2.2389439946765943 0.7335672378540039 0
1488.4124145507812 2.2762151143391947 0.733557403087616 0
1488.4332275390625 3.6506235252334993 0.7355452179908752 0
1488.4540405273438 4.618228606033856 0.7357370853424072 0
1488.4749145507812 4.2378161824660765 0.7376402616500854 0
1488.4957275390625 4.25451994876418 0.7353341579437256 0
1488.5165405273438 4.379061479610791 0.7371458411216736 0
1488.5374145507812 4.387880431671475 0.7356680631637573 0
1488.5582275390625 4.62191733966239 0.7364629507064819 0
1488.5790405273438 4.709189881272351 0.7351317405700684 0
1488.5999145507812 4.806039310351535 0.7350382208824158 0
1488.6207275390625 4.289663292563361 0.7364593148231506 0
1488.6415405273438 4.621527709383113 0.7381546497344971 0
1488.6624145507812 4.287600061889005 0.735047459602356 0
1488.6832275390625 4.334943059422156 0.7361227869987488 0
1488.7040405273438 4.748257921926451 0.7363494038581848 0
1488.7249145507812 4.209415783161138 0.7353561520576477 0
1488.7457275390625 4.505913988821617 0.7358466982841492 0
1488.7665405273438 4.7049788363661795 0.7355195879936218 0
1488.7874145507812 4.622153372735847 0.7349913120269775 0
1488.8082275390625 4.720379321086886 0.7352223992347717 0
1488.8290405273438 4.2838530883660155 0.735479474067688 0
1488.8499145507812 4.477815892235813 0.7367865443229675 0
1488.8707275390625 4.702663632633385 0.7349770665168762 0
1488.8915405273438 4.342507719240139 0.7354408502578735 0
1488.9124145507812 4.27828914681586 0.7356581687927246 0
1488.9332275390625 3.998051423614096 0.7350361347198486 0
1488.9540405273438 3.7197003847403094 0.7346286773681641 0
1488.9749145507812 3.8731648781009236 0.7358167171478271 0
1488.9957275390625 3.8646497608277786 0.7343488335609436 0
1489.0165405273438 3.9718956657612856 0.7358182072639465 0
1489.0374145507812 4.129421527028455 0.7354021072387695 0
1489.0582275390625 4.4008560385987865 0.7347695231437683 0
1489.0790405273438 4.502927522848221 0.7400968074798584 0
1489.0999145507812 4.156382160807749 0.7363748550415039 0
1489.1207275390625 4.412108538428001 0.7356181144714355 0
1489.1415405273438 4.677587700933551 0.7357315421104431 0
1489.1624145507812 4.865323768966802 0.736822247505188 0
1489.1832275390625 4.755437129825836 0.7354767322540283 0
1489.2040405273438 4.689201612975557 0.7373035550117493 0
1489.2249145507812 4.706533233937958 0.7354059815406799 0
1489.2457275390625 4.462747139768686 0.7350492477416992 0
1489.2665405273438 5.225902657093715 0.735435426235199 0
1489.2874145507812 4.675894314682972 0.7362711429595947 0
1489.3082275390625 4.440269584947732 0.7351524233818054 0
1489.3290405273438 5.040811564258527 0.7355303764343262 0
1489.3499145507812 4.314313373961887 0.7352745532989502 0
1489.3707275390625 4.697909643286273 0.736217200756073 0
1489.3915405273438 4.49735027147794 0.7396998405456543 0
1489.4124145507812 3.9540121544516365 0.7376856207847595 0
1489.4332275390625 4.1735960384106985 0.7355529069900513 0
1489.4540405273438 3.923812901635755 0.734550416469574 0
1489.4749145507812 4.474453222853224 0.7358835935592651 0
1489.4957275390625 4.020336723816092 0.735222578048706 0
1489.5165405273438 3.806474968010457 0.7346668243408203 0
1489.5374145507812 2.5799754729828677 0.735253632068634 0
